480
1 0 16777216 1 0
2 1 16777216 1 0
3 2 16777216 1 0
7 3 16777216 1 0
0 4 16777216 1 0
4 5 16777216 1 0
5 6 16777216 1 0
11 7 16777216 1 0
12 8 16777216 1 0
13 9 16777216 1 0
6 10 16777216 1 0
15 11 16777216 1 0
8 12 16777216 1 0
9 13 16777216 1 0
10 14 16777216 1 0
14 15 16777216 1 0
1 0 16777216 0 0
2 1 16777216 0 0
3 2 16777216 0 0
7 3 16777216 0 0
0 4 16777216 0 0
4 5 16777216 0 0
5 6 16777216 0 0
11 7 16777216 0 0
12 8 16777216 0 0
13 9 16777216 0 0
6 10 16777216 0 0
15 11 16777216 0 0
8 12 16777216 0 0
9 13 16777216 0 0
10 14 16777216 0 0
14 15 16777216 0 0
1 0 16777216 1 33554432
2 1 16777216 1 33554432
3 2 16777216 1 33554432
7 3 16777216 1 33554432
0 4 16777216 1 33554432
4 5 16777216 1 33554432
5 6 16777216 1 33554432
11 7 16777216 1 33554432
12 8 16777216 1 33554432
13 9 16777216 1 33554432
6 10 16777216 1 33554432
15 11 16777216 1 33554432
8 12 16777216 1 33554432
9 13 16777216 1 33554432
10 14 16777216 1 33554432
14 15 16777216 1 33554432
1 0 16777216 0 33554432
2 1 16777216 0 33554432
3 2 16777216 0 33554432
7 3 16777216 0 33554432
0 4 16777216 0 33554432
4 5 16777216 0 33554432
5 6 16777216 0 33554432
11 7 16777216 0 33554432
12 8 16777216 0 33554432
13 9 16777216 0 33554432
6 10 16777216 0 33554432
15 11 16777216 0 33554432
8 12 16777216 0 33554432
9 13 16777216 0 33554432
10 14 16777216 0 33554432
14 15 16777216 0 33554432
1 0 16777216 1 67108864
2 1 16777216 1 67108864
3 2 16777216 1 67108864
7 3 16777216 1 67108864
0 4 16777216 1 67108864
4 5 16777216 1 67108864
5 6 16777216 1 67108864
11 7 16777216 1 67108864
12 8 16777216 1 67108864
13 9 16777216 1 67108864
6 10 16777216 1 67108864
15 11 16777216 1 67108864
8 12 16777216 1 67108864
9 13 16777216 1 67108864
10 14 16777216 1 67108864
14 15 16777216 1 67108864
1 0 16777216 0 67108864
2 1 16777216 0 67108864
3 2 16777216 0 67108864
7 3 16777216 0 67108864
0 4 16777216 0 67108864
4 5 16777216 0 67108864
5 6 16777216 0 67108864
11 7 16777216 0 67108864
12 8 16777216 0 67108864
13 9 16777216 0 67108864
6 10 16777216 0 67108864
15 11 16777216 0 67108864
8 12 16777216 0 67108864
9 13 16777216 0 67108864
10 14 16777216 0 67108864
14 15 16777216 0 67108864
1 0 16777216 1 100663296
2 1 16777216 1 100663296
3 2 16777216 1 100663296
7 3 16777216 1 100663296
0 4 16777216 1 100663296
4 5 16777216 1 100663296
5 6 16777216 1 100663296
11 7 16777216 1 100663296
12 8 16777216 1 100663296
13 9 16777216 1 100663296
6 10 16777216 1 100663296
15 11 16777216 1 100663296
8 12 16777216 1 100663296
9 13 16777216 1 100663296
10 14 16777216 1 100663296
14 15 16777216 1 100663296
1 0 16777216 0 100663296
2 1 16777216 0 100663296
3 2 16777216 0 100663296
7 3 16777216 0 100663296
0 4 16777216 0 100663296
4 5 16777216 0 100663296
5 6 16777216 0 100663296
11 7 16777216 0 100663296
12 8 16777216 0 100663296
13 9 16777216 0 100663296
6 10 16777216 0 100663296
15 11 16777216 0 100663296
8 12 16777216 0 100663296
9 13 16777216 0 100663296
10 14 16777216 0 100663296
14 15 16777216 0 100663296
1 0 16777216 1 134217728
2 1 16777216 1 134217728
3 2 16777216 1 134217728
7 3 16777216 1 134217728
0 4 16777216 1 134217728
4 5 16777216 1 134217728
5 6 16777216 1 134217728
11 7 16777216 1 134217728
12 8 16777216 1 134217728
13 9 16777216 1 134217728
6 10 16777216 1 134217728
15 11 16777216 1 134217728
8 12 16777216 1 134217728
9 13 16777216 1 134217728
10 14 16777216 1 134217728
14 15 16777216 1 134217728
1 0 16777216 0 134217728
2 1 16777216 0 134217728
3 2 16777216 0 134217728
7 3 16777216 0 134217728
0 4 16777216 0 134217728
4 5 16777216 0 134217728
5 6 16777216 0 134217728
11 7 16777216 0 134217728
12 8 16777216 0 134217728
13 9 16777216 0 134217728
6 10 16777216 0 134217728
15 11 16777216 0 134217728
8 12 16777216 0 134217728
9 13 16777216 0 134217728
10 14 16777216 0 134217728
14 15 16777216 0 134217728
4 0 16777216 1 167772160
0 1 16777216 1 167772160
6 2 16777216 1 167772160
2 3 16777216 1 167772160
5 4 16777216 1 167772160
1 5 16777216 1 167772160
7 6 16777216 1 167772160
3 7 16777216 1 167772160
9 8 16777216 1 167772160
8 9 16777216 1 167772160
14 10 16777216 1 167772160
10 11 16777216 1 167772160
13 12 16777216 1 167772160
12 13 16777216 1 167772160
15 14 16777216 1 167772160
11 15 16777216 1 167772160
4 0 16777216 0 167772160
0 1 16777216 0 167772160
6 2 16777216 0 167772160
2 3 16777216 0 167772160
5 4 16777216 0 167772160
1 5 16777216 0 167772160
7 6 16777216 0 167772160
3 7 16777216 0 167772160
9 8 16777216 0 167772160
8 9 16777216 0 167772160
14 10 16777216 0 167772160
10 11 16777216 0 167772160
13 12 16777216 0 167772160
12 13 16777216 0 167772160
15 14 16777216 0 167772160
11 15 16777216 0 167772160
4 0 16777216 1 201326592
0 1 16777216 1 201326592
6 2 16777216 1 201326592
2 3 16777216 1 201326592
5 4 16777216 1 201326592
1 5 16777216 1 201326592
7 6 16777216 1 201326592
3 7 16777216 1 201326592
9 8 16777216 1 201326592
8 9 16777216 1 201326592
14 10 16777216 1 201326592
10 11 16777216 1 201326592
13 12 16777216 1 201326592
12 13 16777216 1 201326592
15 14 16777216 1 201326592
11 15 16777216 1 201326592
4 0 16777216 0 201326592
0 1 16777216 0 201326592
6 2 16777216 0 201326592
2 3 16777216 0 201326592
5 4 16777216 0 201326592
1 5 16777216 0 201326592
7 6 16777216 0 201326592
3 7 16777216 0 201326592
9 8 16777216 0 201326592
8 9 16777216 0 201326592
14 10 16777216 0 201326592
10 11 16777216 0 201326592
13 12 16777216 0 201326592
12 13 16777216 0 201326592
15 14 16777216 0 201326592
11 15 16777216 0 201326592
4 0 16777216 1 234881024
0 1 16777216 1 234881024
6 2 16777216 1 234881024
2 3 16777216 1 234881024
5 4 16777216 1 234881024
1 5 16777216 1 234881024
7 6 16777216 1 234881024
3 7 16777216 1 234881024
9 8 16777216 1 234881024
8 9 16777216 1 234881024
14 10 16777216 1 234881024
10 11 16777216 1 234881024
13 12 16777216 1 234881024
12 13 16777216 1 234881024
15 14 16777216 1 234881024
11 15 16777216 1 234881024
4 0 16777216 0 234881024
0 1 16777216 0 234881024
6 2 16777216 0 234881024
2 3 16777216 0 234881024
5 4 16777216 0 234881024
1 5 16777216 0 234881024
7 6 16777216 0 234881024
3 7 16777216 0 234881024
9 8 16777216 0 234881024
8 9 16777216 0 234881024
14 10 16777216 0 234881024
10 11 16777216 0 234881024
13 12 16777216 0 234881024
12 13 16777216 0 234881024
15 14 16777216 0 234881024
11 15 16777216 0 234881024
4 0 16777216 1 268435456
0 1 16777216 1 268435456
6 2 16777216 1 268435456
2 3 16777216 1 268435456
5 4 16777216 1 268435456
1 5 16777216 1 268435456
7 6 16777216 1 268435456
3 7 16777216 1 268435456
9 8 16777216 1 268435456
8 9 16777216 1 268435456
14 10 16777216 1 268435456
10 11 16777216 1 268435456
13 12 16777216 1 268435456
12 13 16777216 1 268435456
15 14 16777216 1 268435456
11 15 16777216 1 268435456
4 0 16777216 0 268435456
0 1 16777216 0 268435456
6 2 16777216 0 268435456
2 3 16777216 0 268435456
5 4 16777216 0 268435456
1 5 16777216 0 268435456
7 6 16777216 0 268435456
3 7 16777216 0 268435456
9 8 16777216 0 268435456
8 9 16777216 0 268435456
14 10 16777216 0 268435456
10 11 16777216 0 268435456
13 12 16777216 0 268435456
12 13 16777216 0 268435456
15 14 16777216 0 268435456
11 15 16777216 0 268435456
4 0 16777216 1 301989888
0 1 16777216 1 301989888
6 2 16777216 1 301989888
2 3 16777216 1 301989888
5 4 16777216 1 301989888
1 5 16777216 1 301989888
7 6 16777216 1 301989888
3 7 16777216 1 301989888
9 8 16777216 1 301989888
8 9 16777216 1 301989888
14 10 16777216 1 301989888
10 11 16777216 1 301989888
13 12 16777216 1 301989888
12 13 16777216 1 301989888
15 14 16777216 1 301989888
11 15 16777216 1 301989888
4 0 16777216 0 301989888
0 1 16777216 0 301989888
6 2 16777216 0 301989888
2 3 16777216 0 301989888
5 4 16777216 0 301989888
1 5 16777216 0 301989888
7 6 16777216 0 301989888
3 7 16777216 0 301989888
9 8 16777216 0 301989888
8 9 16777216 0 301989888
14 10 16777216 0 301989888
10 11 16777216 0 301989888
13 12 16777216 0 301989888
12 13 16777216 0 301989888
15 14 16777216 0 301989888
11 15 16777216 0 301989888
5 1 16777216 1 335544320
1 2 16777216 1 335544320
8 4 16777216 1 335544320
9 5 16777216 1 335544320
2 6 16777216 1 335544320
6 7 16777216 1 335544320
4 8 16777216 1 335544320
10 9 16777216 1 335544320
11 10 16777216 1 335544320
7 11 16777216 1 335544320
14 13 16777216 1 335544320
13 14 16777216 1 335544320
5 1 16777216 0 335544320
1 2 16777216 0 335544320
8 4 16777216 0 335544320
9 5 16777216 0 335544320
2 6 16777216 0 335544320
6 7 16777216 0 335544320
4 8 16777216 0 335544320
10 9 16777216 0 335544320
11 10 16777216 0 335544320
7 11 16777216 0 335544320
14 13 16777216 0 335544320
13 14 16777216 0 335544320
5 1 16777216 1 369098752
1 2 16777216 1 369098752
8 4 16777216 1 369098752
9 5 16777216 1 369098752
2 6 16777216 1 369098752
6 7 16777216 1 369098752
4 8 16777216 1 369098752
10 9 16777216 1 369098752
11 10 16777216 1 369098752
7 11 16777216 1 369098752
14 13 16777216 1 369098752
13 14 16777216 1 369098752
5 1 16777216 0 369098752
1 2 16777216 0 369098752
8 4 16777216 0 369098752
9 5 16777216 0 369098752
2 6 16777216 0 369098752
6 7 16777216 0 369098752
4 8 16777216 0 369098752
10 9 16777216 0 369098752
11 10 16777216 0 369098752
7 11 16777216 0 369098752
14 13 16777216 0 369098752
13 14 16777216 0 369098752
5 1 16777216 1 402653184
1 2 16777216 1 402653184
8 4 16777216 1 402653184
9 5 16777216 1 402653184
2 6 16777216 1 402653184
6 7 16777216 1 402653184
4 8 16777216 1 402653184
10 9 16777216 1 402653184
11 10 16777216 1 402653184
7 11 16777216 1 402653184
14 13 16777216 1 402653184
13 14 16777216 1 402653184
5 1 16777216 0 402653184
1 2 16777216 0 402653184
8 4 16777216 0 402653184
9 5 16777216 0 402653184
2 6 16777216 0 402653184
6 7 16777216 0 402653184
4 8 16777216 0 402653184
10 9 16777216 0 402653184
11 10 16777216 0 402653184
7 11 16777216 0 402653184
14 13 16777216 0 402653184
13 14 16777216 0 402653184
5 1 16777216 1 436207616
1 2 16777216 1 436207616
8 4 16777216 1 436207616
9 5 16777216 1 436207616
2 6 16777216 1 436207616
6 7 16777216 1 436207616
4 8 16777216 1 436207616
10 9 16777216 1 436207616
11 10 16777216 1 436207616
7 11 16777216 1 436207616
14 13 16777216 1 436207616
13 14 16777216 1 436207616
5 1 16777216 0 436207616
1 2 16777216 0 436207616
8 4 16777216 0 436207616
9 5 16777216 0 436207616
2 6 16777216 0 436207616
6 7 16777216 0 436207616
4 8 16777216 0 436207616
10 9 16777216 0 436207616
11 10 16777216 0 436207616
7 11 16777216 0 436207616
14 13 16777216 0 436207616
13 14 16777216 0 436207616
5 1 16777216 1 469762048
1 2 16777216 1 469762048
8 4 16777216 1 469762048
9 5 16777216 1 469762048
2 6 16777216 1 469762048
6 7 16777216 1 469762048
4 8 16777216 1 469762048
10 9 16777216 1 469762048
11 10 16777216 1 469762048
7 11 16777216 1 469762048
14 13 16777216 1 469762048
13 14 16777216 1 469762048
5 1 16777216 0 469762048
1 2 16777216 0 469762048
8 4 16777216 0 469762048
9 5 16777216 0 469762048
2 6 16777216 0 469762048
6 7 16777216 0 469762048
4 8 16777216 0 469762048
10 9 16777216 0 469762048
11 10 16777216 0 469762048
7 11 16777216 0 469762048
14 13 16777216 0 469762048
13 14 16777216 0 469762048
5 9 16777216 1 503316480
9 10 16777216 1 503316480
6 5 16777216 1 503316480
10 6 16777216 1 503316480
5 9 16777216 0 503316480
9 10 16777216 0 503316480
6 5 16777216 0 503316480
10 6 16777216 0 503316480
5 9 16777216 1 536870912
9 10 16777216 1 536870912
6 5 16777216 1 536870912
10 6 16777216 1 536870912
5 9 16777216 0 536870912
9 10 16777216 0 536870912
6 5 16777216 0 536870912
10 6 16777216 0 536870912
5 9 16777216 1 570425344
9 10 16777216 1 570425344
6 5 16777216 1 570425344
10 6 16777216 1 570425344
5 9 16777216 0 570425344
9 10 16777216 0 570425344
6 5 16777216 0 570425344
10 6 16777216 0 570425344
5 9 16777216 1 603979776
9 10 16777216 1 603979776
6 5 16777216 1 603979776
10 6 16777216 1 603979776
5 9 16777216 0 603979776
9 10 16777216 0 603979776
6 5 16777216 0 603979776
10 6 16777216 0 603979776
5 9 16777216 1 637534208
9 10 16777216 1 637534208
6 5 16777216 1 637534208
10 6 16777216 1 637534208
5 9 16777216 0 637534208
9 10 16777216 0 637534208
6 5 16777216 0 637534208
10 6 16777216 0 637534208
