480
0 4 16777216 0 0
0 1 16777216 0 0
1 5 16777216 0 0
1 2 16777216 0 0
1 0 16777216 0 0
2 6 16777216 0 0
2 3 16777216 0 0
2 1 16777216 0 0
3 7 16777216 0 0
3 2 16777216 0 0
4 8 16777216 0 0
4 0 16777216 0 0
4 5 16777216 0 0
5 9 16777216 0 0
5 1 16777216 0 0
5 6 16777216 0 0
5 4 16777216 0 0
6 10 16777216 0 0
6 2 16777216 0 0
6 7 16777216 0 0
6 5 16777216 0 0
7 11 16777216 0 0
7 3 16777216 0 0
7 6 16777216 0 0
8 12 16777216 0 0
8 4 16777216 0 0
8 9 16777216 0 0
9 13 16777216 0 0
9 5 16777216 0 0
9 10 16777216 0 0
9 8 16777216 0 0
10 14 16777216 0 0
10 6 16777216 0 0
10 11 16777216 0 0
10 9 16777216 0 0
11 15 16777216 0 0
11 7 16777216 0 0
11 10 16777216 0 0
12 8 16777216 0 0
12 13 16777216 0 0
13 9 16777216 0 0
13 14 16777216 0 0
13 12 16777216 0 0
14 10 16777216 0 0
14 15 16777216 0 0
14 13 16777216 0 0
15 11 16777216 0 0
15 14 16777216 0 0
0 4 16777216 0 0
0 1 16777216 0 0
1 5 16777216 0 0
1 2 16777216 0 0
1 0 16777216 0 0
2 6 16777216 0 0
2 3 16777216 0 0
2 1 16777216 0 0
3 7 16777216 0 0
3 2 16777216 0 0
4 8 16777216 0 0
4 0 16777216 0 0
4 5 16777216 0 0
5 9 16777216 0 0
5 1 16777216 0 0
5 6 16777216 0 0
5 4 16777216 0 0
6 10 16777216 0 0
6 2 16777216 0 0
6 7 16777216 0 0
6 5 16777216 0 0
7 11 16777216 0 0
7 3 16777216 0 0
7 6 16777216 0 0
8 12 16777216 0 0
8 4 16777216 0 0
8 9 16777216 0 0
9 13 16777216 0 0
9 5 16777216 0 0
9 10 16777216 0 0
9 8 16777216 0 0
10 14 16777216 0 0
10 6 16777216 0 0
10 11 16777216 0 0
10 9 16777216 0 0
11 15 16777216 0 0
11 7 16777216 0 0
11 10 16777216 0 0
12 8 16777216 0 0
12 13 16777216 0 0
13 9 16777216 0 0
13 14 16777216 0 0
13 12 16777216 0 0
14 10 16777216 0 0
14 15 16777216 0 0
14 13 16777216 0 0
15 11 16777216 0 0
15 14 16777216 0 0
0 4 16777216 0 0
0 1 16777216 0 0
1 5 16777216 0 0
1 2 16777216 0 0
1 0 16777216 0 0
2 6 16777216 0 0
2 3 16777216 0 0
2 1 16777216 0 0
3 7 16777216 0 0
3 2 16777216 0 0
4 8 16777216 0 0
4 0 16777216 0 0
4 5 16777216 0 0
5 9 16777216 0 0
5 1 16777216 0 0
5 6 16777216 0 0
5 4 16777216 0 0
6 10 16777216 0 0
6 2 16777216 0 0
6 7 16777216 0 0
6 5 16777216 0 0
7 11 16777216 0 0
7 3 16777216 0 0
7 6 16777216 0 0
8 12 16777216 0 0
8 4 16777216 0 0
8 9 16777216 0 0
9 13 16777216 0 0
9 5 16777216 0 0
9 10 16777216 0 0
9 8 16777216 0 0
10 14 16777216 0 0
10 6 16777216 0 0
10 11 16777216 0 0
10 9 16777216 0 0
11 15 16777216 0 0
11 7 16777216 0 0
11 10 16777216 0 0
12 8 16777216 0 0
12 13 16777216 0 0
13 9 16777216 0 0
13 14 16777216 0 0
13 12 16777216 0 0
14 10 16777216 0 0
14 15 16777216 0 0
14 13 16777216 0 0
15 11 16777216 0 0
15 14 16777216 0 0
0 4 16777216 0 0
0 1 16777216 0 0
1 5 16777216 0 0
1 2 16777216 0 0
1 0 16777216 0 0
2 6 16777216 0 0
2 3 16777216 0 0
2 1 16777216 0 0
3 7 16777216 0 0
3 2 16777216 0 0
4 8 16777216 0 0
4 0 16777216 0 0
4 5 16777216 0 0
5 9 16777216 0 0
5 1 16777216 0 0
5 6 16777216 0 0
5 4 16777216 0 0
6 10 16777216 0 0
6 2 16777216 0 0
6 7 16777216 0 0
6 5 16777216 0 0
7 11 16777216 0 0
7 3 16777216 0 0
7 6 16777216 0 0
8 12 16777216 0 0
8 4 16777216 0 0
8 9 16777216 0 0
9 13 16777216 0 0
9 5 16777216 0 0
9 10 16777216 0 0
9 8 16777216 0 0
10 14 16777216 0 0
10 6 16777216 0 0
10 11 16777216 0 0
10 9 16777216 0 0
11 15 16777216 0 0
11 7 16777216 0 0
11 10 16777216 0 0
12 8 16777216 0 0
12 13 16777216 0 0
13 9 16777216 0 0
13 14 16777216 0 0
13 12 16777216 0 0
14 10 16777216 0 0
14 15 16777216 0 0
14 13 16777216 0 0
15 11 16777216 0 0
15 14 16777216 0 0
0 4 16777216 0 0
0 1 16777216 0 0
1 5 16777216 0 0
1 2 16777216 0 0
1 0 16777216 0 0
2 6 16777216 0 0
2 3 16777216 0 0
2 1 16777216 0 0
3 7 16777216 0 0
3 2 16777216 0 0
4 8 16777216 0 0
4 0 16777216 0 0
4 5 16777216 0 0
5 9 16777216 0 0
5 1 16777216 0 0
5 6 16777216 0 0
5 4 16777216 0 0
6 10 16777216 0 0
6 2 16777216 0 0
6 7 16777216 0 0
6 5 16777216 0 0
7 11 16777216 0 0
7 3 16777216 0 0
7 6 16777216 0 0
8 12 16777216 0 0
8 4 16777216 0 0
8 9 16777216 0 0
9 13 16777216 0 0
9 5 16777216 0 0
9 10 16777216 0 0
9 8 16777216 0 0
10 14 16777216 0 0
10 6 16777216 0 0
10 11 16777216 0 0
10 9 16777216 0 0
11 15 16777216 0 0
11 7 16777216 0 0
11 10 16777216 0 0
12 8 16777216 0 0
12 13 16777216 0 0
13 9 16777216 0 0
13 14 16777216 0 0
13 12 16777216 0 0
14 10 16777216 0 0
14 15 16777216 0 0
14 13 16777216 0 0
15 11 16777216 0 0
15 14 16777216 0 0
0 4 16777216 0 0
0 1 16777216 0 0
1 5 16777216 0 0
1 2 16777216 0 0
1 0 16777216 0 0
2 6 16777216 0 0
2 3 16777216 0 0
2 1 16777216 0 0
3 7 16777216 0 0
3 2 16777216 0 0
4 8 16777216 0 0
4 0 16777216 0 0
4 5 16777216 0 0
5 9 16777216 0 0
5 1 16777216 0 0
5 6 16777216 0 0
5 4 16777216 0 0
6 10 16777216 0 0
6 2 16777216 0 0
6 7 16777216 0 0
6 5 16777216 0 0
7 11 16777216 0 0
7 3 16777216 0 0
7 6 16777216 0 0
8 12 16777216 0 0
8 4 16777216 0 0
8 9 16777216 0 0
9 13 16777216 0 0
9 5 16777216 0 0
9 10 16777216 0 0
9 8 16777216 0 0
10 14 16777216 0 0
10 6 16777216 0 0
10 11 16777216 0 0
10 9 16777216 0 0
11 15 16777216 0 0
11 7 16777216 0 0
11 10 16777216 0 0
12 8 16777216 0 0
12 13 16777216 0 0
13 9 16777216 0 0
13 14 16777216 0 0
13 12 16777216 0 0
14 10 16777216 0 0
14 15 16777216 0 0
14 13 16777216 0 0
15 11 16777216 0 0
15 14 16777216 0 0
0 4 16777216 0 0
0 1 16777216 0 0
1 5 16777216 0 0
1 2 16777216 0 0
1 0 16777216 0 0
2 6 16777216 0 0
2 3 16777216 0 0
2 1 16777216 0 0
3 7 16777216 0 0
3 2 16777216 0 0
4 8 16777216 0 0
4 0 16777216 0 0
4 5 16777216 0 0
5 9 16777216 0 0
5 1 16777216 0 0
5 6 16777216 0 0
5 4 16777216 0 0
6 10 16777216 0 0
6 2 16777216 0 0
6 7 16777216 0 0
6 5 16777216 0 0
7 11 16777216 0 0
7 3 16777216 0 0
7 6 16777216 0 0
8 12 16777216 0 0
8 4 16777216 0 0
8 9 16777216 0 0
9 13 16777216 0 0
9 5 16777216 0 0
9 10 16777216 0 0
9 8 16777216 0 0
10 14 16777216 0 0
10 6 16777216 0 0
10 11 16777216 0 0
10 9 16777216 0 0
11 15 16777216 0 0
11 7 16777216 0 0
11 10 16777216 0 0
12 8 16777216 0 0
12 13 16777216 0 0
13 9 16777216 0 0
13 14 16777216 0 0
13 12 16777216 0 0
14 10 16777216 0 0
14 15 16777216 0 0
14 13 16777216 0 0
15 11 16777216 0 0
15 14 16777216 0 0
0 4 16777216 0 0
0 1 16777216 0 0
1 5 16777216 0 0
1 2 16777216 0 0
1 0 16777216 0 0
2 6 16777216 0 0
2 3 16777216 0 0
2 1 16777216 0 0
3 7 16777216 0 0
3 2 16777216 0 0
4 8 16777216 0 0
4 0 16777216 0 0
4 5 16777216 0 0
5 9 16777216 0 0
5 1 16777216 0 0
5 6 16777216 0 0
5 4 16777216 0 0
6 10 16777216 0 0
6 2 16777216 0 0
6 7 16777216 0 0
6 5 16777216 0 0
7 11 16777216 0 0
7 3 16777216 0 0
7 6 16777216 0 0
8 12 16777216 0 0
8 4 16777216 0 0
8 9 16777216 0 0
9 13 16777216 0 0
9 5 16777216 0 0
9 10 16777216 0 0
9 8 16777216 0 0
10 14 16777216 0 0
10 6 16777216 0 0
10 11 16777216 0 0
10 9 16777216 0 0
11 15 16777216 0 0
11 7 16777216 0 0
11 10 16777216 0 0
12 8 16777216 0 0
12 13 16777216 0 0
13 9 16777216 0 0
13 14 16777216 0 0
13 12 16777216 0 0
14 10 16777216 0 0
14 15 16777216 0 0
14 13 16777216 0 0
15 11 16777216 0 0
15 14 16777216 0 0
0 4 16777216 0 0
0 1 16777216 0 0
1 5 16777216 0 0
1 2 16777216 0 0
1 0 16777216 0 0
2 6 16777216 0 0
2 3 16777216 0 0
2 1 16777216 0 0
3 7 16777216 0 0
3 2 16777216 0 0
4 8 16777216 0 0
4 0 16777216 0 0
4 5 16777216 0 0
5 9 16777216 0 0
5 1 16777216 0 0
5 6 16777216 0 0
5 4 16777216 0 0
6 10 16777216 0 0
6 2 16777216 0 0
6 7 16777216 0 0
6 5 16777216 0 0
7 11 16777216 0 0
7 3 16777216 0 0
7 6 16777216 0 0
8 12 16777216 0 0
8 4 16777216 0 0
8 9 16777216 0 0
9 13 16777216 0 0
9 5 16777216 0 0
9 10 16777216 0 0
9 8 16777216 0 0
10 14 16777216 0 0
10 6 16777216 0 0
10 11 16777216 0 0
10 9 16777216 0 0
11 15 16777216 0 0
11 7 16777216 0 0
11 10 16777216 0 0
12 8 16777216 0 0
12 13 16777216 0 0
13 9 16777216 0 0
13 14 16777216 0 0
13 12 16777216 0 0
14 10 16777216 0 0
14 15 16777216 0 0
14 13 16777216 0 0
15 11 16777216 0 0
15 14 16777216 0 0
0 4 16777216 0 0
0 1 16777216 0 0
1 5 16777216 0 0
1 2 16777216 0 0
1 0 16777216 0 0
2 6 16777216 0 0
2 3 16777216 0 0
2 1 16777216 0 0
3 7 16777216 0 0
3 2 16777216 0 0
4 8 16777216 0 0
4 0 16777216 0 0
4 5 16777216 0 0
5 9 16777216 0 0
5 1 16777216 0 0
5 6 16777216 0 0
5 4 16777216 0 0
6 10 16777216 0 0
6 2 16777216 0 0
6 7 16777216 0 0
6 5 16777216 0 0
7 11 16777216 0 0
7 3 16777216 0 0
7 6 16777216 0 0
8 12 16777216 0 0
8 4 16777216 0 0
8 9 16777216 0 0
9 13 16777216 0 0
9 5 16777216 0 0
9 10 16777216 0 0
9 8 16777216 0 0
10 14 16777216 0 0
10 6 16777216 0 0
10 11 16777216 0 0
10 9 16777216 0 0
11 15 16777216 0 0
11 7 16777216 0 0
11 10 16777216 0 0
12 8 16777216 0 0
12 13 16777216 0 0
13 9 16777216 0 0
13 14 16777216 0 0
13 12 16777216 0 0
14 10 16777216 0 0
14 15 16777216 0 0
14 13 16777216 0 0
15 11 16777216 0 0
15 14 16777216 0 0
