1
0 1 16777216 0 0
0 2 16777216 0 0
0 3 16777216 0 0
0 4 16777216 0 0
0 5 16777216 0 0
0 6 16777216 0 0
0 7 16777216 0 0
0 1 16777216 0 0
0 2 16777216 0 0
0 3 16777216 0 0
0 4 16777216 0 0
0 5 16777216 0 0
0 6 16777216 0 0
0 7 16777216 0 0
0 1 16777216 0 0
0 2 16777216 0 0
0 3 16777216 0 0
0 4 16777216 0 0
0 5 16777216 0 0
0 6 16777216 0 0
0 7 16777216 0 0

0 1 16777216 1 0
0 2 16777216 1 0
0 3 16777216 1 0
0 4 16777216 1 0
0 5 16777216 1 0
0 6 16777216 1 0
0 7 16777216 1 0
0 1 16777216 1 0
0 2 16777216 1 0
0 3 16777216 1 0
0 4 16777216 1 0
0 5 16777216 1 0
0 6 16777216 1 0
0 7 16777216 1 0
0 1 16777216 1 0
0 2 16777216 1 0
0 3 16777216 1 0
0 4 16777216 1 0
0 5 16777216 1 0
0 6 16777216 1 0
0 7 16777216 1 0

